9/16/2019	11:07 AM
Amplitude: 2.00 V
Freq  (Hz) 	 Gain (dB)  	 Phase (deg)
1000.054            -15.425            -78.385
1122.057            -16.394            -79.589
1258.962            -17.355            -80.441
1412.630            -18.345            -81.502
1584.925            -19.330            -82.343
1778.267            -20.328            -82.912
1995.265            -21.322            -83.711
2238.713            -22.349            -84.029
2511.963            -23.369            -84.776
2818.368            -24.412            -85.229
3162.213            -25.495            -85.483
3548.153            -26.533            -86.104
3981.031            -27.617            -86.078
4466.809            -28.715            -86.502
5011.819            -29.852            -87.850
5623.326            -31.117            -86.841
6309.524            -32.389            -87.085
7079.542            -33.761            -87.265
7943.250            -35.247            -87.366
8912.571            -36.895            -87.222
9999.983            -38.809            -86.986
11220.202            -41.086            -86.734
12589.246            -44.116            -85.869
14125.369            -48.499            -83.938
15848.875            -57.817            -74.134
17782.860            -58.006             77.282
19952.655            -48.498             84.907
22387.132            -44.054             87.142
25118.887            -40.883             87.742
28183.870            -38.467             87.936
31622.685            -36.458             88.097
35481.341            -34.673             87.941
39810.687            -33.010             87.979
44668.280            -31.462             87.821
50118.752            -29.818             86.831
56234.188            -28.307             87.078
63095.801            -26.695             86.578
70794.486            -24.974             86.530
79432.875            -23.079             86.028
89125.149            -20.814             84.524
100000.016            -18.048             82.709
