  .618982	1.062036E+0
  .619002	1.147154E+0
  .619022	1.147154E+0
  .619042	1.147154E+0
  .619062	1.147154E+0
  .619082	1.232272E+0
  .619102	1.317389E+0
  .619122	1.317389E+0
  .619142	1.317389E+0
  .619162	1.317389E+0
  .619182	1.402507E+0
  .619202	1.402507E+0
  .619222	1.402507E+0
  .619242	1.487624E+0
  .619262	1.487624E+0
  .619282	1.487624E+0
  .619302	1.572742E+0
  .619322	1.657860E+0
  .619342	1.657860E+0
  .619362	1.657860E+0
  .619382	1.657860E+0
  .619402	1.742977E+0
  .619422	1.742977E+0
  .619442	1.742977E+0
  .619462	1.742977E+0
  .619482	1.828095E+0
  .619502	1.828095E+0
  .619522	1.828095E+0
  .619542	1.828095E+0
  .619562	1.828095E+0
  .619582	1.913212E+0
  .619602	1.913212E+0
  .619622	1.998330E+0
  .619642	1.998330E+0
  .619662	1.998330E+0
  .619682	1.998330E+0
  .619702	1.998330E+0
  .619722	2.168565E+0
  .619742	2.083448E+0
  .619762	2.168565E+0
  .619782	2.168565E+0
  .619802	2.253683E+0
  .619822	2.253683E+0
  .619842	2.338800E+0
  .619862	2.338800E+0
  .619882	2.423918E+0
  .619902	2.423918E+0
  .619922	2.423918E+0
  .619942	2.509035E+0
  .619962	2.509035E+0
  .619982	2.509035E+0
  .620002	2.509035E+0
  .620022	2.594153E+0
  .620042	2.594153E+0
  .620062	2.594153E+0
  .620082	2.679271E+0
  .620102	2.679271E+0
  .620122	2.679271E+0
  .620142	2.679271E+0
  .620162	2.764388E+0
  .620182	2.764388E+0
  .620202	2.764388E+0
  .620222	2.849506E+0
  .620242	2.849506E+0
  .620262	2.849506E+0
  .620282	2.849506E+0
  .620302	2.849506E+0
  .620322	2.849506E+0
  .620342	2.934623E+0
  .620362	3.019741E+0
  .620382	3.019741E+0
  .620402	3.104859E+0
  .620422	3.019741E+0
  .620442	3.104859E+0
  .620462	3.104859E+0
  .620482	3.104859E+0
  .620502	3.189976E+0
  .620522	3.189976E+0
  .620542	3.275094E+0
  .620562	3.189976E+0
  .620582	3.275094E+0
  .620602	3.275094E+0
  .620622	3.275094E+0
  .620642	3.360211E+0
  .620662	3.360211E+0
  .620682	3.360211E+0
  .620702	3.360211E+0
  .620722	3.360211E+0
  .620742	3.360211E+0
  .620762	3.445329E+0
  .620782	3.445329E+0
  .620802	3.445329E+0
  .620822	3.360211E+0
  .620842	3.445329E+0
  .620862	3.445329E+0
  .620882	3.445329E+0
  .620902	3.445329E+0
  .620922	3.530446E+0
  .620942	3.445329E+0
  .620962	3.445329E+0
  .620982	3.530446E+0
  .621002	3.530446E+0
  .621022	3.530446E+0
  .621042	3.530446E+0
  .621062	3.530446E+0
  .621082	3.530446E+0
  .621102	3.615564E+0
  .621122	3.615564E+0
  .621142	3.615564E+0
  .621162	3.615564E+0
  .621182	3.615564E+0
  .621202	3.700682E+0
  .621222	3.700682E+0
  .621242	3.700682E+0
  .621262	3.700682E+0
  .621282	3.700682E+0
  .621302	3.785799E+0
  .621322	3.700682E+0
  .621342	3.700682E+0
  .621362	3.785799E+0
  .621382	3.785799E+0
  .621402	3.785799E+0
  .621422	3.785799E+0
  .621442	3.785799E+0
  .621462	3.785799E+0
  .621482	3.870917E+0
  .621502	3.870917E+0
  .621522	3.870917E+0
  .621542	3.870917E+0
  .621562	3.870917E+0
  .621582	3.870917E+0
  .621602	3.870917E+0
  .621622	3.870917E+0
  .621642	3.870917E+0
  .621662	3.870917E+0
  .621682	3.870917E+0
  .621702	3.870917E+0
  .621722	3.870917E+0
  .621742	3.870917E+0
  .621762	3.870917E+0
  .621782	3.956034E+0
  .621802	3.956034E+0
  .621822	4.041152E+0
  .621842	3.956034E+0
  .621862	3.956034E+0
  .621882	4.041152E+0
  .621902	4.041152E+0
  .621922	3.956034E+0
  .621942	4.041152E+0
  .621962	4.041152E+0
  .621982	4.041152E+0
  .622002	4.041152E+0
  .622022	4.041152E+0
  .622042	4.041152E+0
  .622062	4.041152E+0
  .622082	4.041152E+0
  .622102	4.041152E+0
  .622122	4.041152E+0
  .622142	4.041152E+0
  .622162	4.041152E+0
  .622182	4.041152E+0
  .622202	4.041152E+0
  .622222	4.041152E+0
  .622242	4.041152E+0
  .622262	4.041152E+0
  .622282	4.041152E+0
  .622302	4.041152E+0
  .622322	4.041152E+0
  .622342	4.041152E+0
  .622362	4.041152E+0
  .622382	4.041152E+0
  .622402	4.041152E+0
  .622422	4.041152E+0
  .622442	4.041152E+0
  .622462	4.041152E+0
  .622482	4.041152E+0
  .622502	4.041152E+0
  .622522	4.041152E+0
  .622542	4.041152E+0
  .622562	4.041152E+0
  .622582	4.041152E+0
  .622602	4.041152E+0
  .622622	4.041152E+0
  .622642	4.041152E+0
  .622662	4.041152E+0
  .622682	4.041152E+0
  .622702	3.956034E+0
  .622722	4.041152E+0
  .622742	4.041152E+0
  .622762	3.956034E+0
  .622782	3.956034E+0
  .622802	3.956034E+0
  .622822	3.956034E+0
  .622842	3.870917E+0
  .622862	3.870917E+0
  .622882	3.870917E+0
  .622902	3.870917E+0
  .622922	3.870917E+0
  .622942	3.870917E+0
  .622962	3.870917E+0
  .622982	3.785799E+0
  .623002	3.785799E+0
  .623022	3.700682E+0
  .623042	3.700682E+0
  .623062	3.700682E+0
  .623082	3.700682E+0
  .623102	3.615564E+0
  .623122	3.615564E+0
  .623142	3.530446E+0
  .623162	3.530446E+0
  .623182	3.530446E+0
  .623202	3.530446E+0
  .623222	3.530446E+0
  .623242	3.445329E+0
  .623262	3.530446E+0
  .623282	3.445329E+0
  .623302	3.445329E+0
  .623322	3.445329E+0
  .623342	3.445329E+0
  .623362	3.360211E+0
  .623382	3.360211E+0
  .623402	3.360211E+0
  .623422	3.360211E+0
  .623442	3.360211E+0
  .623462	3.360211E+0
  .623482	3.360211E+0
  .623502	3.275094E+0
  .623522	3.189976E+0
  .623542	3.275094E+0
  .623562	3.189976E+0
  .623582	3.189976E+0
  .623602	3.189976E+0
  .623622	3.189976E+0
  .623642	3.189976E+0
  .623662	3.189976E+0
  .623682	3.189976E+0
  .623702	3.104859E+0
  .623722	3.104859E+0
  .623742	3.019741E+0
  .623762	3.019741E+0
  .623782	3.019741E+0
  .623802	3.019741E+0
  .623822	3.019741E+0
  .623842	2.934623E+0
  .623862	2.934623E+0
  .623882	2.934623E+0
  .623902	2.849506E+0
  .623922	2.849506E+0
  .623942	2.849506E+0
  .623962	2.849506E+0
  .623982	2.764388E+0
  .624002	2.764388E+0
  .624022	2.764388E+0
  .624042	2.679271E+0
  .624062	2.679271E+0
  .624082	2.679271E+0
  .624102	2.679271E+0
  .624122	2.594153E+0
  .624142	2.594153E+0
  .624162	2.509035E+0
  .624182	2.509035E+0
  .624202	2.509035E+0
  .624222	2.509035E+0
  .624242	2.509035E+0
  .624262	2.423918E+0
  .624282	2.423918E+0
  .624302	2.338800E+0
  .624322	2.338800E+0
  .624342	2.338800E+0
  .624362	2.338800E+0
  .624382	2.253683E+0
  .624402	2.253683E+0
  .624422	2.168565E+0
  .624442	2.083448E+0
  .624462	2.083448E+0
  .624482	2.083448E+0
  .624502	1.998330E+0
  .624522	1.998330E+0
  .624542	1.998330E+0
  .624562	1.998330E+0
  .624582	1.913212E+0
  .624602	1.913212E+0
  .624622	1.828095E+0
  .624642	1.828095E+0
  .624662	1.828095E+0
  .624682	1.742977E+0
  .624702	1.742977E+0
  .624722	1.742977E+0
  .624742	1.657860E+0
  .624762	1.657860E+0
  .624782	1.657860E+0
  .624802	1.657860E+0
  .624822	1.572742E+0
  .624842	1.487624E+0
  .624862	1.487624E+0
  .624882	1.487624E+0
  .624902	1.402507E+0
  .624922	1.402507E+0
  .624942	1.402507E+0
  .624962	1.317389E+0
  .624982	1.317389E+0
  .625002	1.232272E+0
  .625022	1.232272E+0
  .625042	1.147154E+0
  .625062	1.147154E+0
  .625082	1.147154E+0
  .625102	1.147154E+0
  .625122	1.147154E+0
  .625142	1.062036E+0
  .625162	1.062036E+0
  .625182	1.062036E+0
  .625202	9.769189E-1
  .625222	8.918013E-1
  .625242	8.066837E-1
  .625262	8.918013E-1
  .625282	8.066837E-1
  .625302	8.066837E-1
  .625322	7.215662E-1
  .625342	7.215662E-1
  .625362	6.364486E-1
  .625382	6.364486E-1
  .625402	5.513310E-1
  .625422	4.662134E-1
  .625442	4.662134E-1
  .625462	3.810958E-1
  .625482	3.810958E-1
  .625502	3.810958E-1
  .625522	2.959782E-1
  .625542	3.810958E-1
  .625562	2.959782E-1
  .625582	2.959782E-1
  .625602	2.959782E-1
  .625622	2.108606E-1
  .625642	2.108606E-1
  .625662	2.108606E-1
  .625682	2.108606E-1
  .625702	1.257430E-1
  .625722	1.257430E-1
  .625742	1.257430E-1
  .625762	1.257430E-1
  .625782	1.257430E-1
  .625802	1.257430E-1
  .625822	1.257430E-1
  .625842	1.257430E-1
  .625862	1.257430E-1
  .625882	1.257430E-1
  .625902	1.257430E-1
  .625922	1.257430E-1
  .625942	1.257430E-1
  .625962	1.257430E-1
  .625982	1.257430E-1
  .626002	4.062546E-2
  .626022	1.257430E-1
  .626042	1.257430E-1
  .626062	4.062546E-2
  .626082	1.257430E-1
  .626102	4.062546E-2
  .626122	1.257430E-1
  .626142	1.257430E-1
  .626162	1.257430E-1
  .626182	1.257430E-1
  .626202	1.257430E-1
  .626222	1.257430E-1
  .626242	1.257430E-1
  .626262	1.257430E-1
  .626282	4.062546E-2
  .626302	4.062546E-2
  .626322	1.257430E-1
  .626342	4.062546E-2
  .626362	1.257430E-1
  .626382	4.062546E-2
  .626402	4.062546E-2
  .626422	1.257430E-1
  .626442	1.257430E-1
  .626462	1.257430E-1
  .626482	1.257430E-1
  .626502	1.257430E-1
  .626522	4.062546E-2
  .626542	1.257430E-1
  .626562	1.257430E-1
  .626582	1.257430E-1
  .626602	1.257430E-1
  .626622	1.257430E-1
  .626642	1.257430E-1
  .626662	1.257430E-1
  .626682	1.257430E-1
  .626702	1.257430E-1
  .626722	1.257430E-1
  .626742	1.257430E-1
  .626762	1.257430E-1
  .626782	1.257430E-1
  .626802	1.257430E-1
  .626822	2.108606E-1
  .626842	2.959782E-1
  .626862	2.959782E-1
  .626882	2.959782E-1
  .626902	3.810958E-1
  .626922	3.810958E-1
  .626942	4.662134E-1
  .626962	4.662134E-1
  .626982	5.513310E-1
  .627002	5.513310E-1
  .627022	5.513310E-1
  .627042	6.364486E-1
  .627062	6.364486E-1
  .627082	7.215662E-1
  .627102	7.215662E-1
  .627122	7.215662E-1
  .627142	8.066837E-1
  .627162	8.066837E-1
  .627182	8.066837E-1
  .627202	8.066837E-1
  .627222	8.918013E-1
  .627242	8.918013E-1
  .627262	9.769189E-1
  .627282	9.769189E-1
  .627302	9.769189E-1
  .627322	1.062036E+0
  .627342	1.147154E+0
  .627362	1.147154E+0
  .627382	1.147154E+0
  .627402	1.147154E+0
  .627422	1.232272E+0
  .627442	1.232272E+0
  .627462	1.317389E+0
  .627482	1.232272E+0
  .627502	1.317389E+0
  .627522	1.402507E+0
  .627542	1.402507E+0
  .627562	1.402507E+0
  .627582	1.487624E+0
  .627602	1.487624E+0
  .627622	1.572742E+0
  .627642	1.572742E+0
  .627662	1.572742E+0
  .627682	1.572742E+0
  .627702	1.657860E+0
  .627722	1.657860E+0
  .627742	1.657860E+0
  .627762	1.742977E+0
  .627782	1.742977E+0
  .627802	1.828095E+0
  .627822	1.828095E+0
  .627842	1.828095E+0
  .627862	1.913212E+0
  .627882	1.828095E+0
  .627902	1.828095E+0
  .627922	1.913212E+0
  .627942	1.913212E+0
  .627962	1.998330E+0
  .627982	1.998330E+0
  .628002	1.998330E+0
  .628022	2.083448E+0
  .628042	2.083448E+0
  .628062	2.168565E+0
  .628082	2.168565E+0
  .628102	2.253683E+0
  .628122	2.168565E+0
  .628142	2.253683E+0
  .628162	2.338800E+0
  .628182	2.338800E+0
  .628202	2.423918E+0
  .628222	2.423918E+0
  .628242	2.423918E+0
  .628262	2.509035E+0
  .628282	2.509035E+0
  .628302	2.509035E+0
  .628322	2.594153E+0
  .628342	2.594153E+0
  .628362	2.679271E+0
  .628382	2.679271E+0
  .628402	2.679271E+0
  .628422	2.679271E+0
  .628442	2.679271E+0
  .628462	2.679271E+0
  .628482	2.764388E+0
  .628502	2.764388E+0
  .628522	2.849506E+0
  .628542	2.764388E+0
  .628562	2.764388E+0
  .628582	2.849506E+0
  .628602	2.849506E+0
  .628622	2.849506E+0
  .628642	2.849506E+0
  .628662	2.934623E+0
  .628682	2.934623E+0
  .628702	3.019741E+0
  .628722	3.019741E+0
  .628742	3.019741E+0
  .628762	3.019741E+0
  .628782	3.019741E+0
  .628802	3.104859E+0
  .628822	3.189976E+0
  .628842	3.189976E+0
  .628862	3.189976E+0
  .628882	3.189976E+0
  .628902	3.275094E+0
  .628922	3.275094E+0
  .628942	3.275094E+0
  .628962	3.275094E+0
  .628982	3.360211E+0
  .629002	3.360211E+0
  .629022	3.360211E+0
  .629042	3.360211E+0
  .629062	3.360211E+0
  .629082	3.360211E+0
  .629102	3.360211E+0
  .629122	3.360211E+0
  .629142	3.445329E+0
  .629162	3.445329E+0
  .629182	3.445329E+0
  .629202	3.445329E+0
  .629222	3.445329E+0
  .629242	3.530446E+0
  .629262	3.445329E+0
  .629282	3.445329E+0
  .629302	3.530446E+0
  .629322	3.530446E+0
  .629342	3.530446E+0
  .629362	3.530446E+0
  .629382	3.530446E+0
  .629402	3.530446E+0
  .629422	3.615564E+0
  .629442	3.530446E+0
  .629462	3.615564E+0
  .629482	3.615564E+0
  .629502	3.615564E+0
  .629522	3.615564E+0
  .629542	3.615564E+0
  .629562	3.700682E+0
  .629582	3.700682E+0
  .629602	3.700682E+0
  .629622	3.700682E+0
  .629642	3.700682E+0
  .629662	3.785799E+0
  .629682	3.785799E+0
  .629702	3.785799E+0
  .629722	3.785799E+0
  .629742	3.785799E+0
  .629762	3.785799E+0
  .629782	3.785799E+0
  .629802	3.785799E+0
  .629822	3.870917E+0
  .629842	3.870917E+0
  .629862	3.785799E+0
  .629882	3.870917E+0
  .629902	3.870917E+0
  .629922	3.870917E+0
  .629942	3.870917E+0
  .629962	3.870917E+0
  .629982	3.870917E+0
  .630002	3.870917E+0
  .630022	3.870917E+0
  .630042	3.870917E+0
  .630062	3.956034E+0
  .630082	3.870917E+0
  .630102	3.956034E+0
  .630122	3.870917E+0
  .630142	3.870917E+0
  .630162	3.870917E+0
  .630182	3.956034E+0
  .630202	3.956034E+0
  .630222	4.041152E+0
  .630242	4.041152E+0
  .630262	3.956034E+0
  .630282	4.041152E+0
  .630302	3.956034E+0
  .630322	4.041152E+0
  .630342	4.041152E+0
  .630362	3.956034E+0
  .630382	4.041152E+0
  .630402	4.041152E+0
  .630422	4.041152E+0
  .630442	4.041152E+0
  .630462	4.041152E+0
  .630482	4.041152E+0
  .630502	4.041152E+0
  .630522	4.041152E+0
  .630542	4.041152E+0
  .630562	4.041152E+0
  .630582	4.041152E+0
  .630602	4.041152E+0
  .630622	4.041152E+0
  .630642	4.041152E+0
  .630662	4.041152E+0
  .630682	4.041152E+0
  .630702	4.041152E+0
  .630722	4.041152E+0
  .630742	4.041152E+0
  .630762	4.041152E+0
  .630782	4.041152E+0
  .630802	4.041152E+0
  .630822	4.041152E+0
  .630842	4.041152E+0
  .630862	4.041152E+0
  .630882	4.041152E+0
  .630902	4.041152E+0
  .630922	4.041152E+0
  .630942	4.041152E+0
  .630962	4.041152E+0
  .630982	4.041152E+0
  .631002	4.041152E+0
  .631022	4.041152E+0
  .631042	3.956034E+0
  .631062	4.041152E+0
  .631082	3.956034E+0
  .631102	3.956034E+0
  .631122	3.956034E+0
  .631142	3.870917E+0
  .631162	3.956034E+0
  .631182	3.956034E+0
  .631202	3.870917E+0
  .631222	3.870917E+0
  .631242	3.870917E+0
  .631262	3.785799E+0
  .631282	3.870917E+0
  .631302	3.785799E+0
  .631322	3.785799E+0
  .631342	3.700682E+0
  .631362	3.700682E+0
  .631382	3.700682E+0
  .631402	3.700682E+0
  .631422	3.615564E+0
  .631442	3.615564E+0
  .631462	3.615564E+0
  .631482	3.530446E+0
  .631502	3.530446E+0
  .631522	3.530446E+0
  .631542	3.530446E+0
  .631562	3.445329E+0
  .631582	3.445329E+0
  .631602	3.445329E+0
  .631622	3.445329E+0
  .631642	3.445329E+0
  .631662	3.445329E+0
  .631682	3.445329E+0
  .631702	3.360211E+0
  .631722	3.360211E+0
  .631742	3.360211E+0
  .631762	3.360211E+0
  .631782	3.360211E+0
  .631802	3.360211E+0
  .631822	3.360211E+0
  .631842	3.275094E+0
  .631862	3.275094E+0
  .631882	3.275094E+0
  .631902	3.275094E+0
  .631922	3.189976E+0
  .631942	3.189976E+0
  .631962	3.189976E+0
  .631982	3.189976E+0
  .632002	3.189976E+0
  .632022	3.104859E+0
  .632042	3.104859E+0
  .632062	3.104859E+0
  .632082	3.019741E+0
  .632102	3.104859E+0
  .632122	3.019741E+0
  .632142	3.019741E+0
  .632162	3.019741E+0
  .632182	3.019741E+0
  .632202	2.934623E+0
  .632222	2.934623E+0
  .632242	2.849506E+0
  .632262	2.849506E+0
  .632282	2.849506E+0
  .632302	2.849506E+0
  .632322	2.849506E+0
  .632342	2.764388E+0
  .632362	2.764388E+0
  .632382	2.679271E+0
  .632402	2.679271E+0
  .632422	2.679271E+0
  .632442	2.679271E+0
  .632462	2.594153E+0
  .632482	2.594153E+0
  .632502	2.509035E+0
  .632522	2.509035E+0
  .632542	2.509035E+0
  .632562	2.509035E+0
  .632582	2.423918E+0
  .632602	2.423918E+0
  .632622	2.338800E+0
  .632642	2.338800E+0
  .632662	2.253683E+0
  .632682	2.338800E+0
  .632702	2.338800E+0
  .632722	2.253683E+0
  .632742	2.168565E+0
  .632762	2.168565E+0
  .632782	2.083448E+0
  .632802	2.083448E+0
  .632822	1.998330E+0
  .632842	1.998330E+0
  .632862	1.998330E+0
  .632882	1.913212E+0
  .632902	1.913212E+0
  .632922	1.828095E+0
  .632942	1.828095E+0
  .632962	1.828095E+0
  .632982	1.828095E+0
  .633002	1.828095E+0
  .633022	1.742977E+0
  .633042	1.742977E+0
  .633062	1.657860E+0
  .633082	1.742977E+0
  .633102	1.657860E+0
  .633122	1.657860E+0
  .633142	1.572742E+0
  .633162	1.572742E+0
  .633182	1.487624E+0
  .633202	1.487624E+0
  .633222	1.487624E+0
  .633242	1.487624E+0
  .633262	1.402507E+0
  .633282	1.402507E+0
  .633302	1.402507E+0
  .633322	1.317389E+0
  .633342	1.317389E+0
  .633362	1.317389E+0
  .633382	1.232272E+0
  .633402	1.147154E+0
  .633422	1.147154E+0
  .633442	1.147154E+0
  .633462	1.147154E+0
  .633482	1.062036E+0
  .633502	1.062036E+0
  .633522	1.062036E+0
  .633542	1.062036E+0
  .633562	9.769189E-1
  .633582	8.918013E-1
  .633602	8.918013E-1
  .633622	8.066837E-1
  .633642	8.066837E-1
  .633662	7.215662E-1
  .633682	6.364486E-1
  .633702	6.364486E-1
  .633722	6.364486E-1
  .633742	5.513310E-1
  .633762	4.662134E-1
  .633782	4.662134E-1
  .633802	3.810958E-1
  .633822	3.810958E-1
  .633842	3.810958E-1
  .633862	2.959782E-1
  .633882	2.959782E-1
  .633902	2.959782E-1
  .633922	2.959782E-1
  .633942	2.108606E-1
  .633962	2.108606E-1
  .633982	2.108606E-1
  .634002	1.257430E-1
  .634022	1.257430E-1
  .634042	1.257430E-1
  .634062	1.257430E-1
  .634082	1.257430E-1
  .634102	1.257430E-1
  .634122	1.257430E-1
  .634142	1.257430E-1
  .634162	1.257430E-1
  .634182	1.257430E-1
  .634202	1.257430E-1
  .634222	4.062546E-2
  .634242	1.257430E-1
  .634262	1.257430E-1
  .634282	1.257430E-1
  .634302	1.257430E-1
  .634322	4.062546E-2
  .634342	4.062546E-2
  .634362	4.062546E-2
  .634382	1.257430E-1
  .634402	1.257430E-1
  .634422	1.257430E-1
  .634442	1.257430E-1
  .634462	1.257430E-1
  .634482	1.257430E-1
  .634502	4.062546E-2
  .634522	4.062546E-2
  .634542	1.257430E-1
  .634562	1.257430E-1
  .634582	4.062546E-2
  .634602	1.257430E-1
  .634622	1.257430E-1
  .634642	4.062546E-2
  .634662	1.257430E-1
  .634682	1.257430E-1
  .634702	1.257430E-1
  .634722	1.257430E-1
  .634742	1.257430E-1
  .634762	4.062546E-2
  .634782	1.257430E-1
  .634802	1.257430E-1
  .634822	4.062546E-2
  .634842	4.062546E-2
  .634862	1.257430E-1
  .634882	4.062546E-2
  .634902	1.257430E-1
  .634922	1.257430E-1
  .634942	4.062546E-2
  .634962	1.257430E-1
  .634982	1.257430E-1
  .635002	1.257430E-1
  .635022	1.257430E-1
  .635042	1.257430E-1
  .635062	1.257430E-1
  .635082	1.257430E-1
  .635102	2.108606E-1
  .635122	2.108606E-1
  .635142	2.108606E-1
  .635162	2.108606E-1
  .635182	2.959782E-1
  .635202	2.959782E-1
  .635222	3.810958E-1
  .635242	3.810958E-1
  .635262	4.662134E-1
  .635282	4.662134E-1
  .635302	4.662134E-1
  .635322	5.513310E-1
  .635342	6.364486E-1
  .635362	6.364486E-1
  .635382	6.364486E-1
  .635402	6.364486E-1
  .635422	7.215662E-1
  .635442	7.215662E-1
  .635462	7.215662E-1
  .635482	8.066837E-1
  .635502	8.066837E-1
  .635522	8.066837E-1
  .635542	8.066837E-1
  .635562	8.918013E-1
  .635582	8.918013E-1
  .635602	9.769189E-1
  .635622	9.769189E-1
  .635642	1.062036E+0
  .635662	1.147154E+0
  .635682	1.147154E+0
  .635702	1.147154E+0
  .635722	1.147154E+0
  .635742	1.232272E+0
  .635762	1.232272E+0
  .635782	1.232272E+0
  .635802	1.232272E+0
  .635822	1.317389E+0
  .635842	1.317389E+0
  .635862	1.402507E+0
  .635882	1.402507E+0
  .635902	1.402507E+0
  .635922	1.487624E+0
  .635942	1.487624E+0
  .635962	1.572742E+0
  .635982	1.572742E+0
  .636002	1.657860E+0
  .636022	1.657860E+0
  .636042	1.657860E+0
  .636062	1.657860E+0
  .636082	1.742977E+0
  .636102	1.742977E+0
  .636122	1.828095E+0
  .636142	1.828095E+0
  .636162	1.828095E+0
  .636182	1.828095E+0
  .636202	1.828095E+0
  .636222	1.828095E+0
  .636242	1.913212E+0
  .636262	1.913212E+0
  .636282	1.913212E+0
  .636302	1.998330E+0
  .636322	1.998330E+0
  .636342	1.998330E+0
  .636362	2.083448E+0
  .636382	2.083448E+0
  .636402	2.168565E+0
  .636422	2.168565E+0
  .636442	2.168565E+0
  .636462	2.253683E+0
  .636482	2.253683E+0
  .636502	2.338800E+0
  .636522	2.338800E+0
  .636542	2.423918E+0
  .636562	2.423918E+0
  .636582	2.423918E+0
  .636602	2.509035E+0
  .636622	2.509035E+0
  .636642	2.509035E+0
  .636662	2.509035E+0
  .636682	2.594153E+0
  .636702	2.594153E+0
  .636722	2.594153E+0
  .636742	2.594153E+0
  .636762	2.679271E+0
  .636782	2.679271E+0
  .636802	2.679271E+0
  .636822	2.764388E+0
  .636842	2.679271E+0
  .636862	2.764388E+0
  .636882	2.764388E+0
  .636902	2.764388E+0
  .636922	2.849506E+0
  .636942	2.849506E+0
  .636962	2.849506E+0
  .636982	2.849506E+0
  .637002	2.934623E+0
  .637022	2.934623E+0
  .637042	3.019741E+0
  .637062	3.019741E+0
  .637082	3.019741E+0
  .637102	3.019741E+0
  .637122	3.104859E+0
  .637142	3.104859E+0
  .637162	3.189976E+0
  .637182	3.104859E+0
  .637202	3.189976E+0
  .637222	3.189976E+0
  .637242	3.189976E+0
  .637262	3.275094E+0
  .637282	3.275094E+0
  .637302	3.360211E+0
  .637322	3.360211E+0
  .637342	3.360211E+0
  .637362	3.360211E+0
  .637382	3.360211E+0
  .637402	3.360211E+0
  .637422	3.360211E+0
  .637442	3.445329E+0
  .637462	3.445329E+0
  .637482	3.445329E+0
  .637502	3.445329E+0
  .637522	3.445329E+0
  .637542	3.445329E+0
  .637562	3.530446E+0
  .637582	3.530446E+0
  .637602	3.530446E+0
  .637622	3.530446E+0
  .637642	3.530446E+0
  .637662	3.530446E+0
  .637682	3.530446E+0
  .637702	3.530446E+0
  .637722	3.530446E+0
  .637742	3.530446E+0
  .637762	3.530446E+0
  .637782	3.530446E+0
  .637802	3.615564E+0
  .637822	3.530446E+0
  .637842	3.615564E+0
  .637862	3.700682E+0
  .637882	3.700682E+0
  .637902	3.700682E+0
  .637922	3.700682E+0
  .637942	3.700682E+0
  .637962	3.700682E+0
  .637982	3.785799E+0
  .638002	3.785799E+0
  .638022	3.785799E+0
  .638042	3.785799E+0
  .638062	3.785799E+0
  .638082	3.785799E+0
  .638102	3.785799E+0
  .638122	3.870917E+0
  .638142	3.785799E+0
  .638162	3.870917E+0
  .638182	3.870917E+0
  .638202	3.870917E+0
  .638222	3.870917E+0
  .638242	3.870917E+0
  .638262	3.870917E+0
  .638282	3.870917E+0
  .638302	3.870917E+0
  .638322	3.870917E+0
  .638342	3.870917E+0
  .638362	3.870917E+0
  .638382	3.870917E+0
  .638402	3.870917E+0
  .638422	3.870917E+0
  .638442	3.870917E+0
  .638462	3.956034E+0
  .638482	3.956034E+0
  .638502	3.956034E+0
  .638522	3.956034E+0
  .638542	3.956034E+0
  .638562	3.956034E+0
  .638582	3.956034E+0
  .638602	4.041152E+0
  .638622	3.956034E+0
  .638642	3.956034E+0
  .638662	4.041152E+0
  .638682	4.041152E+0
  .638702	4.041152E+0
  .638722	4.041152E+0
  .638742	4.041152E+0
  .638762	4.041152E+0
  .638782	3.956034E+0
  .638802	4.041152E+0
  .638822	4.041152E+0
  .638842	4.041152E+0
  .638862	4.041152E+0
  .638882	4.041152E+0
  .638902	4.041152E+0
  .638922	4.041152E+0
  .638942	4.041152E+0
  .638962	4.041152E+0
  .638982	4.041152E+0
  .639002	4.041152E+0
  .639022	4.041152E+0
  .639042	4.041152E+0
  .639062	4.041152E+0
  .639082	4.041152E+0
  .639102	4.041152E+0
  .639122	4.041152E+0
  .639142	4.041152E+0
  .639162	4.041152E+0
  .639182	4.041152E+0
  .639202	4.041152E+0
  .639222	4.041152E+0
  .639242	4.041152E+0
  .639262	4.041152E+0
  .639282	4.041152E+0
  .639302	4.041152E+0
  .639322	4.041152E+0
  .639342	3.956034E+0
  .639362	3.956034E+0
  .639382	4.041152E+0
  .639402	4.041152E+0
  .639422	3.956034E+0
  .639442	3.956034E+0
  .639462	3.956034E+0
  .639482	3.956034E+0
  .639502	3.870917E+0
  .639522	3.956034E+0
  .639542	3.870917E+0
  .639562	3.870917E+0
  .639582	3.870917E+0
  .639602	3.870917E+0
  .639622	3.870917E+0
  .639642	3.870917E+0
  .639662	3.785799E+0
  .639682	3.700682E+0
  .639702	3.700682E+0
  .639722	3.700682E+0
  .639742	3.700682E+0
  .639762	3.700682E+0
  .639782	3.615564E+0
  .639802	3.615564E+0
  .639822	3.615564E+0
  .639842	3.530446E+0
  .639862	3.530446E+0
  .639882	3.530446E+0
  .639902	3.445329E+0
  .639922	3.445329E+0
  .639942	3.445329E+0
  .639962	3.445329E+0
  .639982	3.445329E+0
  .640002	3.360211E+0
  .640022	3.360211E+0
  .640042	3.360211E+0
  .640062	3.360211E+0
  .640082	3.360211E+0
  .640102	3.360211E+0
  .640122	3.360211E+0
  .640142	3.275094E+0
  .640162	3.275094E+0
  .640182	3.275094E+0
  .640202	3.275094E+0
  .640222	3.189976E+0
  .640242	3.275094E+0
  .640262	3.189976E+0
  .640282	3.189976E+0
  .640302	3.189976E+0
  .640322	3.104859E+0
  .640342	3.104859E+0
  .640362	3.189976E+0
  .640382	3.104859E+0
  .640402	3.104859E+0
  .640422	3.104859E+0
  .640442	3.019741E+0
  .640462	3.019741E+0
  .640482	3.019741E+0
  .640502	3.019741E+0
  .640522	2.934623E+0
  .640542	2.849506E+0
  .640562	2.849506E+0
  .640582	2.849506E+0
  .640602	2.849506E+0
  .640622	2.849506E+0
  .640642	2.849506E+0
  .640662	2.849506E+0
  .640682	2.764388E+0
  .640702	2.764388E+0
  .640722	2.764388E+0
  .640742	2.679271E+0
  .640762	2.679271E+0
  .640782	2.679271E+0
  .640802	2.594153E+0
  .640822	2.509035E+0
  .640842	2.509035E+0
  .640862	2.509035E+0
  .640882	2.509035E+0
  .640902	2.509035E+0
  .640922	2.423918E+0
  .640942	2.423918E+0
  .640962	2.423918E+0
  .640982	2.338800E+0
  .641002	2.338800E+0
  .641022	2.253683E+0
  .641042	2.253683E+0
  .641062	2.168565E+0
  .641082	2.168565E+0
  .641102	2.168565E+0
  .641122	2.083448E+0
  .641142	2.083448E+0
  .641162	1.998330E+0
  .641182	1.998330E+0
  .641202	1.913212E+0
  .641222	1.913212E+0
  .641242	1.913212E+0
  .641262	1.828095E+0
  .641282	1.828095E+0
  .641302	1.828095E+0
  .641322	1.828095E+0
  .641342	1.828095E+0
  .641362	1.742977E+0
  .641382	1.742977E+0
  .641402	1.742977E+0
  .641422	1.657860E+0
  .641442	1.657860E+0
  .641462	1.572742E+0
  .641482	1.572742E+0
  .641502	1.572742E+0
  .641522	1.487624E+0
  .641542	1.487624E+0
  .641562	1.487624E+0
  .641582	1.402507E+0
  .641602	1.402507E+0
  .641622	1.402507E+0
  .641642	1.317389E+0
  .641662	1.317389E+0
  .641682	1.317389E+0
  .641702	1.317389E+0
  .641722	1.232272E+0
  .641742	1.232272E+0
  .641762	1.147154E+0
  .641782	1.147154E+0
  .641802	1.147154E+0
  .641822	1.062036E+0
  .641842	1.062036E+0
  .641862	9.769189E-1
  .641882	9.769189E-1
  .641902	9.769189E-1
  .641922	8.918013E-1
  .641942	8.066837E-1
  .641962	8.066837E-1
  .641982	8.066837E-1
  .642002	7.215662E-1
  .642022	6.364486E-1
  .642042	6.364486E-1
  .642062	5.513310E-1
  .642082	5.513310E-1
  .642102	4.662134E-1
  .642122	4.662134E-1
  .642142	3.810958E-1
  .642162	3.810958E-1
  .642182	3.810958E-1
  .642202	2.959782E-1
  .642222	2.959782E-1
  .642242	2.959782E-1
  .642262	2.959782E-1
  .642282	2.108606E-1
  .642302	2.108606E-1
  .642322	2.108606E-1
  .642342	1.257430E-1
  .642362	1.257430E-1
  .642382	1.257430E-1
  .642402	1.257430E-1
  .642422	1.257430E-1
  .642442	1.257430E-1
  .642462	4.062546E-2
  .642482	1.257430E-1
  .642502	1.257430E-1
  .642522	4.062546E-2
  .642542	1.257430E-1
  .642562	1.257430E-1
  .642582	1.257430E-1
  .642602	4.062546E-2
  .642622	4.062546E-2
  .642642	4.062546E-2
  .642662	1.257430E-1
  .642682	1.257430E-1
  .642702	1.257430E-1
  .642722	4.062546E-2
  .642742	4.062546E-2
  .642762	1.257430E-1
  .642782	1.257430E-1
  .642802	1.257430E-1
  .642822	1.257430E-1
  .642842	1.257430E-1
  .642862	1.257430E-1
  .642882	1.257430E-1
  .642902	4.062546E-2
  .642922	1.257430E-1
  .642942	1.257430E-1
  .642962	1.257430E-1
  .642982	1.257430E-1
  .643002	1.257430E-1
  .643022	4.062546E-2
  .643042	4.062546E-2
  .643062	1.257430E-1
  .643082	1.257430E-1
  .643102	1.257430E-1
  .643122	1.257430E-1
  .643142	4.062546E-2
  .643162	1.257430E-1
  .643182	1.257430E-1
  .643202	1.257430E-1
  .643222	4.062546E-2
  .643242	1.257430E-1
  .643262	1.257430E-1
  .643282	1.257430E-1
  .643302	1.257430E-1
  .643322	1.257430E-1
  .643342	1.257430E-1
  .643362	1.257430E-1
  .643382	1.257430E-1
  .643402	1.257430E-1
  .643422	1.257430E-1
  .643442	1.257430E-1
  .643462	2.108606E-1
  .643482	2.108606E-1
  .643502	2.959782E-1
  .643522	2.959782E-1
  .643542	2.959782E-1
  .643562	2.959782E-1
  .643582	3.810958E-1
  .643602	4.662134E-1
  .643622	4.662134E-1
  .643642	4.662134E-1
  .643662	5.513310E-1
  .643682	6.364486E-1
  .643702	6.364486E-1
  .643722	6.364486E-1
  .643742	7.215662E-1
  .643762	7.215662E-1
  .643782	7.215662E-1
  .643802	8.066837E-1
  .643822	8.066837E-1
  .643842	8.066837E-1
  .643862	8.066837E-1
  .643882	8.918013E-1
  .643902	9.769189E-1
  .643922	9.769189E-1
  .643942	9.769189E-1
  .643962	9.769189E-1
  .643982	1.062036E+0
  .644002	1.062036E+0
  .644022	1.062036E+0
  .644042	1.147154E+0
  .644062	1.147154E+0
  .644082	1.147154E+0
  .644102	1.147154E+0
  .644122	1.232272E+0
  .644142	1.317389E+0
  .644162	1.317389E+0
  .644182	1.317389E+0
  .644202	1.317389E+0
  .644222	1.402507E+0
  .644242	1.487624E+0
  .644262	1.487624E+0
  .644282	1.487624E+0
  .644302	1.487624E+0
  .644322	1.572742E+0
  .644342	1.572742E+0
  .644362	1.657860E+0
  .644382	1.657860E+0
  .644402	1.742977E+0
  .644422	1.742977E+0
  .644442	1.742977E+0
  .644462	1.742977E+0
  .644482	1.828095E+0
  .644502	1.828095E+0
  .644522	1.828095E+0
  .644542	1.828095E+0
  .644562	1.828095E+0
  .644582	1.913212E+0
  .644602	1.913212E+0
  .644622	1.998330E+0
  .644642	1.998330E+0
  .644662	1.998330E+0
  .644682	2.083448E+0
  .644702	2.083448E+0
  .644722	2.083448E+0
  .644742	2.168565E+0
  .644762	2.168565E+0
  .644782	2.253683E+0
  .644802	2.253683E+0
  .644822	2.338800E+0
  .644842	2.338800E+0
  .644862	2.423918E+0
  .644882	2.423918E+0
  .644902	2.423918E+0
  .644922	2.509035E+0
  .644942	2.509035E+0
  .644962	2.509035E+0
  .644982	2.594153E+0
  .645002	2.594153E+0
  .645022	2.594153E+0
  .645042	2.679271E+0
  .645062	2.679271E+0
  .645082	2.679271E+0
  .645102	2.679271E+0
  .645122	2.679271E+0
  .645142	2.679271E+0
  .645162	2.679271E+0
  .645182	2.764388E+0
  .645202	2.764388E+0
  .645222	2.764388E+0
  .645242	2.849506E+0
  .645262	2.849506E+0
  .645282	2.849506E+0
  .645302	2.849506E+0
  .645322	2.849506E+0
  .645342	2.849506E+0
  .645362	2.849506E+0
  .645382	2.934623E+0
  .645402	3.019741E+0
  .645422	3.019741E+0
  .645442	3.019741E+0
  .645462	3.104859E+0
  .645482	3.104859E+0
  .645502	3.189976E+0
  .645522	3.189976E+0
  .645542	3.189976E+0
  .645562	3.189976E+0
  .645582	3.189976E+0
  .645602	3.275094E+0
  .645622	3.275094E+0
  .645642	3.275094E+0
  .645662	3.360211E+0
  .645682	3.275094E+0
  .645702	3.360211E+0
  .645722	3.360211E+0
  .645742	3.360211E+0
  .645762	3.445329E+0
  .645782	3.445329E+0
  .645802	3.445329E+0
  .645822	3.445329E+0
  .645842	3.445329E+0
  .645862	3.530446E+0
  .645882	3.445329E+0
  .645902	3.445329E+0
  .645922	3.530446E+0
  .645942	3.530446E+0
  .645962	3.530446E+0
  .645982	3.530446E+0
  .646002	3.530446E+0
  .646022	3.530446E+0
  .646042	3.530446E+0
  .646062	3.530446E+0
  .646082	3.530446E+0
  .646102	3.615564E+0
  .646122	3.615564E+0
  .646142	3.615564E+0
  .646162	3.615564E+0
  .646182	3.615564E+0
  .646202	3.700682E+0
  .646222	3.700682E+0
  .646242	3.700682E+0
  .646262	3.700682E+0
  .646282	3.700682E+0
  .646302	3.700682E+0
  .646322	3.700682E+0
  .646342	3.700682E+0
  .646362	3.700682E+0
  .646382	3.785799E+0
  .646402	3.785799E+0
  .646422	3.785799E+0
  .646442	3.870917E+0
  .646462	3.870917E+0
  .646482	3.870917E+0
  .646502	3.870917E+0
  .646522	3.870917E+0
  .646542	3.870917E+0
  .646562	3.870917E+0
  .646582	3.870917E+0
  .646602	3.870917E+0
  .646622	3.870917E+0
  .646642	3.870917E+0
  .646662	3.870917E+0
  .646682	3.870917E+0
  .646702	3.870917E+0
  .646722	3.870917E+0
  .646742	3.956034E+0
  .646762	3.956034E+0
  .646782	3.870917E+0
  .646802	3.956034E+0
  .646822	3.870917E+0
  .646842	3.956034E+0
  .646862	3.956034E+0
  .646882	3.956034E+0
  .646902	3.956034E+0
  .646922	3.956034E+0
  .646942	4.041152E+0
  .646962	3.956034E+0
  .646982	4.041152E+0
  .647002	4.041152E+0
  .647022	4.041152E+0
  .647042	3.956034E+0
  .647062	4.041152E+0
  .647082	4.041152E+0
  .647102	4.041152E+0
  .647122	4.041152E+0
  .647142	4.041152E+0
  .647162	4.041152E+0
  .647182	4.041152E+0
  .647202	4.041152E+0
  .647222	4.041152E+0
  .647242	4.041152E+0
  .647262	4.041152E+0
  .647282	4.041152E+0
  .647302	4.041152E+0
  .647322	4.041152E+0
  .647342	4.041152E+0
  .647362	4.041152E+0
  .647382	4.041152E+0
  .647402	4.041152E+0
  .647422	4.041152E+0
  .647442	4.041152E+0
  .647462	4.041152E+0
  .647482	4.041152E+0
  .647502	4.041152E+0
  .647522	4.041152E+0
  .647542	4.041152E+0
  .647562	4.041152E+0
  .647582	4.041152E+0
  .647602	4.041152E+0
  .647622	4.041152E+0
  .647642	4.041152E+0
  .647662	4.041152E+0
  .647682	4.041152E+0
  .647702	4.041152E+0
  .647722	4.041152E+0
  .647742	4.041152E+0
  .647762	3.956034E+0
  .647782	4.041152E+0
  .647802	3.956034E+0
  .647822	3.870917E+0
  .647842	3.870917E+0
  .647862	3.870917E+0
  .647882	3.870917E+0
  .647902	3.870917E+0
  .647922	3.870917E+0
  .647942	3.870917E+0
  .647962	3.785799E+0
  .647982	3.785799E+0
  .648002	3.785799E+0
  .648022	3.785799E+0
  .648042	3.700682E+0
  .648062	3.700682E+0
  .648082	3.615564E+0
  .648102	3.615564E+0
  .648122	3.615564E+0
  .648142	3.530446E+0
  .648162	3.530446E+0
  .648182	3.530446E+0
  .648202	3.530446E+0
  .648222	3.530446E+0
  .648242	3.530446E+0
  .648262	3.445329E+0
  .648282	3.445329E+0
  .648302	3.445329E+0
  .648322	3.445329E+0
  .648342	3.445329E+0
  .648362	3.360211E+0
  .648382	3.360211E+0
  .648402	3.360211E+0
  .648422	3.360211E+0
  .648442	3.360211E+0
  .648462	3.360211E+0
  .648482	3.360211E+0
  .648502	3.360211E+0
  .648522	3.275094E+0
  .648542	3.275094E+0
  .648562	3.275094E+0
  .648582	3.189976E+0
  .648602	3.189976E+0
  .648622	3.189976E+0
  .648642	3.189976E+0
  .648662	3.189976E+0
  .648682	3.189976E+0
  .648702	3.104859E+0
  .648722	3.104859E+0
  .648742	3.019741E+0
  .648762	3.019741E+0
  .648782	3.019741E+0
  .648802	3.019741E+0
  .648822	3.019741E+0
  .648842	3.019741E+0
  .648862	3.019741E+0
  .648882	2.934623E+0
  .648902	2.934623E+0
  .648922	2.849506E+0
  .648942	2.849506E+0
  .648962	2.849506E+0
  .648982	2.849506E+0
  .649002	2.849506E+0
  .649022	2.764388E+0
  .649042	2.764388E+0
  .649062	2.679271E+0
  .649082	2.679271E+0
  .649102	2.679271E+0
  .649122	2.594153E+0
  .649142	2.594153E+0
  .649162	2.594153E+0
  .649182	2.509035E+0
  .649202	2.509035E+0
  .649222	2.509035E+0
  .649242	2.423918E+0
  .649262	2.423918E+0
  .649282	2.423918E+0
  .649302	2.338800E+0
  .649322	2.338800E+0
  .649342	2.338800E+0
  .649362	2.253683E+0
  .649382	2.168565E+0
  .649402	2.168565E+0
  .649422	2.168565E+0
  .649442	2.083448E+0
  .649462	2.083448E+0
  .649482	2.083448E+0
  .649502	1.998330E+0
  .649522	1.998330E+0
  .649542	1.998330E+0
  .649562	1.913212E+0
  .649582	1.913212E+0
  .649602	1.828095E+0
  .649622	1.828095E+0
  .649642	1.828095E+0
  .649662	1.828095E+0
  .649682	1.828095E+0
  .649702	1.828095E+0
  .649722	1.742977E+0
  .649742	1.742977E+0
  .649762	1.742977E+0
  .649782	1.657860E+0
  .649802	1.657860E+0
  .649822	1.657860E+0
  .649842	1.572742E+0
  .649862	1.487624E+0
  .649882	1.487624E+0
  .649902	1.487624E+0
  .649922	1.487624E+0
  .649942	1.402507E+0
  .649962	1.402507E+0
  .649982	1.317389E+0
  .650002	1.317389E+0
  .650022	1.317389E+0
  .650042	1.232272E+0
  .650062	1.232272E+0
  .650082	1.147154E+0
  .650102	1.147154E+0
  .650122	1.147154E+0
  .650142	1.062036E+0
  .650162	1.062036E+0
  .650182	1.062036E+0
  .650202	9.769189E-1
  .650222	9.769189E-1
  .650242	9.769189E-1
  .650262	8.918013E-1
  .650282	8.066837E-1
  .650302	8.066837E-1
  .650322	7.215662E-1
  .650342	7.215662E-1
  .650362	6.364486E-1
  .650382	6.364486E-1
  .650402	4.662134E-1
  .650422	4.662134E-1
  .650442	4.662134E-1
  .650462	3.810958E-1
  .650482	3.810958E-1
  .650502	3.810958E-1
  .650522	3.810958E-1
  .650542	2.959782E-1
  .650562	2.959782E-1
  .650582	2.959782E-1
  .650602	2.959782E-1
  .650622	2.959782E-1
  .650642	2.108606E-1
  .650662	1.257430E-1
  .650682	2.108606E-1
  .650702	1.257430E-1
  .650722	1.257430E-1
  .650742	1.257430E-1
  .650762	1.257430E-1
  .650782	1.257430E-1
  .650802	1.257430E-1
  .650822	1.257430E-1
  .650842	1.257430E-1
  .650862	1.257430E-1
  .650882	1.257430E-1
  .650902	1.257430E-1
  .650922	1.257430E-1
  .650942	1.257430E-1
  .650962	1.257430E-1
  .650982	1.257430E-1
  .651002	1.257430E-1
  .651022	1.257430E-1
  .651042	1.257430E-1
  .651062	1.257430E-1
  .651082	1.257430E-1
  .651102	1.257430E-1
  .651122	1.257430E-1
  .651142	1.257430E-1
  .651162	1.257430E-1
  .651182	1.257430E-1
  .651202	1.257430E-1
  .651222	1.257430E-1
  .651242	1.257430E-1
  .651262	1.257430E-1
  .651282	4.062546E-2
  .651302	1.257430E-1
  .651322	1.257430E-1
  .651342	1.257430E-1
  .651362	1.257430E-1
  .651382	1.257430E-1
  .651402	4.062546E-2
  .651422	1.257430E-1
  .651442	1.257430E-1
  .651462	1.257430E-1
  .651482	1.257430E-1
  .651502	1.257430E-1
  .651522	1.257430E-1
  .651542	1.257430E-1
  .651562	1.257430E-1
  .651582	4.062546E-2
  .651602	1.257430E-1
  .651622	1.257430E-1
  .651642	1.257430E-1
  .651662	4.062546E-2
  .651682	1.257430E-1
  .651702	1.257430E-1
  .651722	1.257430E-1
  .651742	1.257430E-1
  .651762	1.257430E-1
  .651782	1.257430E-1
  .651802	2.108606E-1
  .651822	2.108606E-1
  .651842	2.108606E-1
  .651862	2.959782E-1
  .651882	2.959782E-1
  .651902	3.810958E-1
  .651922	3.810958E-1
  .651942	4.662134E-1
  .651962	4.662134E-1
  .651982	5.513310E-1
  .652002	5.513310E-1
  .652022	6.364486E-1
  .652042	6.364486E-1
  .652062	6.364486E-1
  .652082	6.364486E-1
  .652102	7.215662E-1
  .652122	7.215662E-1
  .652142	7.215662E-1
  .652162	7.215662E-1
  .652182	8.066837E-1
  .652202	8.066837E-1
  .652222	8.918013E-1
  .652242	9.769189E-1
  .652262	8.918013E-1
  .652282	9.769189E-1
  .652302	9.769189E-1
  .652322	1.062036E+0
  .652342	1.062036E+0
  .652362	1.062036E+0
  .652382	1.147154E+0
  .652402	1.147154E+0
  .652422	1.147154E+0
  .652442	1.232272E+0
  .652462	1.317389E+0
  .652482	1.232272E+0
  .652502	1.317389E+0
  .652522	1.317389E+0
  .652542	1.317389E+0
  .652562	1.402507E+0
  .652582	1.487624E+0
  .652602	1.487624E+0
  .652622	1.487624E+0
  .652642	1.487624E+0
  .652662	1.572742E+0
  .652682	1.657860E+0
  .652702	1.657860E+0
  .652722	1.657860E+0
  .652742	1.657860E+0
  .652762	1.742977E+0
  .652782	1.742977E+0
  .652802	1.828095E+0
  .652822	1.828095E+0
  .652842	1.828095E+0
  .652862	1.828095E+0
  .652882	1.828095E+0
  .652902	1.913212E+0
  .652922	1.913212E+0
  .652942	1.998330E+0
  .652962	1.998330E+0
  .652982	1.998330E+0
  .653002	1.998330E+0
  .653022	1.998330E+0
  .653042	2.083448E+0
  .653062	2.083448E+0
  .653082	2.168565E+0
  .653102	2.168565E+0
  .653122	2.168565E+0
  .653142	2.253683E+0
  .653162	2.253683E+0
  .653182	2.338800E+0
  .653202	2.423918E+0
  .653222	2.423918E+0
  .653242	2.423918E+0
  .653262	2.509035E+0
  .653282	2.509035E+0
  .653302	2.509035E+0
  .653322	2.509035E+0
  .653342	2.594153E+0
  .653362	2.594153E+0
  .653382	2.594153E+0
  .653402	2.679271E+0
  .653422	2.679271E+0
  .653442	2.679271E+0
  .653462	2.679271E+0
  .653482	2.679271E+0
  .653502	2.764388E+0
  .653522	2.764388E+0
  .653542	2.764388E+0
  .653562	2.764388E+0
  .653582	2.849506E+0
  .653602	2.849506E+0
  .653622	2.849506E+0
  .653642	2.849506E+0
  .653662	2.934623E+0
  .653682	2.934623E+0
  .653702	2.934623E+0
  .653722	3.019741E+0
  .653742	3.019741E+0
  .653762	3.019741E+0
  .653782	3.104859E+0
  .653802	3.104859E+0
  .653822	3.104859E+0
  .653842	3.104859E+0
  .653862	3.189976E+0
  .653882	3.189976E+0
  .653902	3.189976E+0
  .653922	3.189976E+0
  .653942	3.275094E+0
  .653962	3.275094E+0
  .653982	3.360211E+0
  .654002	3.275094E+0
  .654022	3.360211E+0
  .654042	3.360211E+0
  .654062	3.360211E+0
  .654082	3.445329E+0
  .654102	3.445329E+0
  .654122	3.445329E+0
  .654142	3.445329E+0
  .654162	3.445329E+0
  .654182	3.445329E+0
  .654202	3.445329E+0
  .654222	3.445329E+0
  .654242	3.445329E+0
  .654262	3.445329E+0
  .654282	3.530446E+0
  .654302	3.530446E+0
  .654322	3.530446E+0
  .654342	3.530446E+0
  .654362	3.530446E+0
  .654382	3.530446E+0
  .654402	3.615564E+0
  .654422	3.530446E+0
  .654442	3.615564E+0
  .654462	3.530446E+0
  .654482	3.615564E+0
  .654502	3.615564E+0
  .654522	3.700682E+0
  .654542	3.700682E+0
  .654562	3.700682E+0
  .654582	3.700682E+0
  .654602	3.785799E+0
  .654622	3.700682E+0
  .654642	3.700682E+0
  .654662	3.700682E+0
  .654682	3.785799E+0
  .654702	3.785799E+0
  .654722	3.785799E+0
  .654742	3.785799E+0
  .654762	3.785799E+0
  .654782	3.785799E+0
  .654802	3.870917E+0
  .654822	3.870917E+0
  .654842	3.870917E+0
  .654862	3.870917E+0
  .654882	3.870917E+0
  .654902	3.870917E+0
  .654922	3.870917E+0
  .654942	3.870917E+0
  .654962	3.870917E+0
  .654982	3.870917E+0
  .655002	3.870917E+0
  .655022	3.870917E+0
  .655042	3.956034E+0
  .655062	3.870917E+0
  .655082	3.870917E+0
  .655102	4.041152E+0
  .655122	3.870917E+0
  .655142	3.956034E+0
  .655162	3.956034E+0
  .655182	3.956034E+0
  .655202	4.041152E+0
  .655222	3.956034E+0
  .655242	3.956034E+0
  .655262	3.956034E+0
  .655282	3.956034E+0
  .655302	4.041152E+0
  .655322	4.041152E+0
  .655342	4.041152E+0
  .655362	4.041152E+0
  .655382	4.041152E+0
  .655402	4.041152E+0
  .655422	4.041152E+0
  .655442	4.041152E+0
  .655462	4.041152E+0
  .655482	4.041152E+0
  .655502	4.041152E+0
  .655522	4.041152E+0
  .655542	4.041152E+0
  .655562	4.041152E+0
  .655582	4.041152E+0
  .655602	4.041152E+0
  .655622	4.041152E+0
  .655642	4.041152E+0
  .655662	4.041152E+0
  .655682	4.041152E+0
  .655702	4.041152E+0
  .655722	4.041152E+0
  .655742	4.041152E+0
  .655762	4.041152E+0
  .655782	4.041152E+0
  .655802	4.041152E+0
  .655822	4.041152E+0
  .655842	4.041152E+0
  .655862	4.041152E+0
  .655882	4.041152E+0
  .655902	4.041152E+0
  .655922	4.041152E+0
  .655942	4.041152E+0
  .655962	4.041152E+0
  .655982	4.041152E+0
  .656002	4.041152E+0
  .656022	4.041152E+0
  .656042	4.041152E+0
  .656062	4.041152E+0
  .656082	4.041152E+0
  .656102	3.956034E+0
  .656122	3.956034E+0
  .656142	3.956034E+0
  .656162	3.870917E+0
  .656182	3.870917E+0
  .656202	3.870917E+0
  .656222	3.956034E+0
  .656242	3.870917E+0
  .656262	3.870917E+0
  .656282	3.870917E+0
  .656302	3.870917E+0
  .656322	3.785799E+0
  .656342	3.785799E+0
  .656362	3.700682E+0
  .656382	3.700682E+0
  .656402	3.700682E+0
  .656422	3.700682E+0
  .656442	3.700682E+0
  .656462	3.615564E+0
  .656482	3.530446E+0
  .656502	3.530446E+0
  .656522	3.530446E+0
  .656542	3.530446E+0
  .656562	3.530446E+0
  .656582	3.530446E+0
  .656602	3.445329E+0
  .656622	3.445329E+0
  .656642	3.360211E+0
  .656662	3.445329E+0
  .656682	3.360211E+0
  .656702	3.360211E+0
  .656722	3.360211E+0
  .656742	3.360211E+0
  .656762	3.360211E+0
  .656782	3.275094E+0
  .656802	3.275094E+0
  .656822	3.360211E+0
  .656842	3.275094E+0
  .656862	3.275094E+0
  .656882	3.275094E+0
  .656902	3.189976E+0
  .656922	3.189976E+0
  .656942	3.189976E+0
  .656962	3.189976E+0
  .656982	3.189976E+0
  .657002	3.189976E+0
  .657022	3.104859E+0
  .657042	3.104859E+0
  .657062	3.104859E+0
  .657082	3.104859E+0
  .657102	3.019741E+0
  .657122	3.019741E+0
  .657142	3.019741E+0
  .657162	3.019741E+0
  .657182	3.019741E+0
  .657202	2.934623E+0
  .657222	2.934623E+0
  .657242	2.849506E+0
  .657262	2.849506E+0
  .657282	2.849506E+0
  .657302	2.849506E+0
  .657322	2.849506E+0
  .657342	2.764388E+0
  .657362	2.764388E+0
  .657382	2.764388E+0
  .657402	2.679271E+0
  .657422	2.679271E+0
  .657442	2.679271E+0
  .657462	2.594153E+0
  .657482	2.509035E+0
  .657502	2.509035E+0
  .657522	2.509035E+0
  .657542	2.509035E+0
  .657562	2.509035E+0
  .657582	2.423918E+0
  .657602	2.423918E+0
  .657622	2.423918E+0
  .657642	2.338800E+0
  .657662	2.338800E+0
  .657682	2.338800E+0
  .657702	2.253683E+0
  .657722	2.253683E+0
  .657742	2.168565E+0
  .657762	2.168565E+0
  .657782	2.083448E+0
  .657802	2.083448E+0
  .657822	2.083448E+0
  .657842	1.998330E+0
  .657862	1.998330E+0
  .657882	1.998330E+0
  .657902	1.913212E+0
  .657922	1.828095E+0
  .657942	1.828095E+0
  .657962	1.828095E+0
  .657982	1.828095E+0
  .658002	1.828095E+0
  .658022	1.742977E+0
  .658042	1.742977E+0
  .658062	1.742977E+0
  .658082	1.742977E+0
  .658102	1.657860E+0
  .658122	1.657860E+0
  .658142	1.657860E+0
  .658162	1.572742E+0
  .658182	1.487624E+0
  .658202	1.487624E+0
  .658222	1.487624E+0
  .658242	1.487624E+0
  .658262	1.402507E+0
  .658282	1.402507E+0
  .658302	1.402507E+0
  .658322	1.317389E+0
  .658342	1.317389E+0
  .658362	1.232272E+0
  .658382	1.232272E+0
  .658402	1.232272E+0
  .658422	1.147154E+0
  .658442	1.147154E+0
  .658462	1.147154E+0
  .658482	1.062036E+0
  .658502	1.062036E+0
  .658522	1.062036E+0
  .658542	1.062036E+0
  .658562	9.769189E-1
  .658582	9.769189E-1
  .658602	8.918013E-1
  .658622	8.918013E-1
  .658642	8.066837E-1
  .658662	7.215662E-1
  .658682	7.215662E-1
  .658702	6.364486E-1
  .658722	5.513310E-1
  .658742	5.513310E-1
  .658762	4.662134E-1
  .658782	4.662134E-1
  .658802	3.810958E-1
  .658822	3.810958E-1
  .658842	2.959782E-1
  .658862	2.959782E-1
  .658882	2.959782E-1
  .658902	2.959782E-1
  .658922	2.959782E-1
  .658942	2.108606E-1
  .658962	2.108606E-1
  .658982	2.108606E-1
  .659002	1.257430E-1
  .659022	1.257430E-1
  .659042	1.257430E-1
  .659062	1.257430E-1
  .659082	1.257430E-1
  .659102	1.257430E-1
  .659122	1.257430E-1
  .659142	1.257430E-1
  .659162	1.257430E-1
  .659182	4.062546E-2
  .659202	4.062546E-2
  .659222	1.257430E-1
  .659242	1.257430E-1
  .659262	1.257430E-1
  .659282	4.062546E-2
  .659302	1.257430E-1
  .659322	1.257430E-1
  .659342	4.062546E-2
  .659362	1.257430E-1
  .659382	4.062546E-2
  .659402	1.257430E-1
  .659422	1.257430E-1
  .659442	1.257430E-1
  .659462	1.257430E-1
  .659482	1.257430E-1
  .659502	1.257430E-1
  .659522	1.257430E-1
  .659542	1.257430E-1
  .659562	1.257430E-1
  .659582	1.257430E-1
  .659602	1.257430E-1
  .659622	4.062546E-2
  .659642	1.257430E-1
  .659662	1.257430E-1
  .659682	1.257430E-1
  .659702	1.257430E-1
  .659722	1.257430E-1
  .659742	1.257430E-1
  .659762	1.257430E-1
  .659782	1.257430E-1
  .659802	1.257430E-1
  .659822	1.257430E-1
  .659842	1.257430E-1
  .659862	4.062546E-2
  .659882	1.257430E-1
  .659902	4.062546E-2
  .659922	1.257430E-1
  .659942	1.257430E-1
  .659962	1.257430E-1
  .659982	1.257430E-1
  .660002	1.257430E-1
  .660022	1.257430E-1
  .660042	1.257430E-1
  .660062	1.257430E-1
  .660082	1.257430E-1
  .660102	1.257430E-1
  .660122	2.108606E-1
  .660142	2.108606E-1
  .660162	2.959782E-1
  .660182	2.959782E-1
  .660202	2.959782E-1
  .660222	2.959782E-1
  .660242	3.810958E-1
  .660262	3.810958E-1
  .660282	4.662134E-1
  .660302	4.662134E-1
  .660322	5.513310E-1
  .660342	5.513310E-1
  .660362	6.364486E-1
  .660382	6.364486E-1
  .660402	7.215662E-1
  .660422	7.215662E-1
  .660442	7.215662E-1
  .660462	7.215662E-1
  .660482	7.215662E-1
  .660502	8.066837E-1
  .660522	8.066837E-1
  .660542	8.918013E-1
  .660562	9.769189E-1
  .660582	9.769189E-1
  .660602	9.769189E-1
  .660622	1.062036E+0
  .660642	1.062036E+0
  .660662	1.147154E+0
  .660682	1.147154E+0
  .660702	1.147154E+0
  .660722	1.147154E+0
  .660742	1.232272E+0
  .660762	1.232272E+0
  .660782	1.232272E+0
  .660802	1.317389E+0
  .660822	1.317389E+0
  .660842	1.317389E+0
  .660862	1.402507E+0
  .660882	1.402507E+0
  .660902	1.487624E+0
  .660922	1.487624E+0
  .660942	1.487624E+0
  .660962	1.572742E+0
  .660982	1.572742E+0
  .661002	1.572742E+0
  .661022	1.657860E+0
  .661042	1.657860E+0
  .661062	1.657860E+0
  .661082	1.742977E+0
  .661102	1.742977E+0
  .661122	1.742977E+0
  .661142	1.742977E+0
  .661162	1.828095E+0
  .661182	1.828095E+0
  .661202	1.828095E+0
  .661222	1.828095E+0
  .661242	1.828095E+0
  .661262	1.913212E+0
  .661282	1.913212E+0
  .661302	1.913212E+0
  .661322	1.998330E+0
  .661342	1.998330E+0
  .661362	1.998330E+0
  .661382	2.083448E+0
  .661402	2.083448E+0
  .661422	2.083448E+0
  .661442	2.168565E+0
  .661462	2.168565E+0
  .661482	2.168565E+0
  .661502	2.253683E+0
  .661522	2.338800E+0
  .661542	2.338800E+0
  .661562	2.338800E+0
  .661582	2.423918E+0
  .661602	2.423918E+0
  .661622	2.509035E+0
  .661642	2.509035E+0
  .661662	2.509035E+0
  .661682	2.509035E+0
  .661702	2.594153E+0
  .661722	2.594153E+0
  .661742	2.679271E+0
  .661762	2.679271E+0
  .661782	2.679271E+0
  .661802	2.679271E+0
  .661822	2.679271E+0
  .661842	2.764388E+0
  .661862	2.764388E+0
  .661882	2.764388E+0
  .661902	2.764388E+0
  .661922	2.849506E+0
  .661942	2.849506E+0
  .661962	2.849506E+0
  .661982	2.934623E+0
  .662002	2.934623E+0
  .662022	3.019741E+0
  .662042	2.934623E+0
  .662062	3.019741E+0
  .662082	3.019741E+0
  .662102	3.019741E+0
  .662122	3.104859E+0
  .662142	3.104859E+0
  .662162	3.104859E+0
  .662182	3.189976E+0
  .662202	3.189976E+0
  .662222	3.189976E+0
  .662242	3.275094E+0
  .662262	3.275094E+0
  .662282	3.360211E+0
  .662302	3.275094E+0
  .662322	3.360211E+0
  .662342	3.360211E+0
  .662362	3.360211E+0
  .662382	3.360211E+0
  .662402	3.360211E+0
  .662422	3.445329E+0
  .662442	3.360211E+0
  .662462	3.445329E+0
  .662482	3.445329E+0
  .662502	3.445329E+0
  .662522	3.445329E+0
  .662542	3.530446E+0
  .662562	3.445329E+0
  .662582	3.445329E+0
  .662602	3.530446E+0
  .662622	3.530446E+0
  .662642	3.530446E+0
  .662662	3.530446E+0
  .662682	3.530446E+0
  .662702	3.530446E+0
  .662722	3.530446E+0
  .662742	3.530446E+0
  .662762	3.530446E+0
  .662782	3.615564E+0
  .662802	3.530446E+0
  .662822	3.615564E+0
  .662842	3.615564E+0
  .662862	3.615564E+0
  .662882	3.700682E+0
  .662902	3.700682E+0
  .662922	3.700682E+0
  .662942	3.700682E+0
  .662962	3.700682E+0
  .662982	3.700682E+0
  .663002	3.785799E+0
  .663022	3.785799E+0
  .663042	3.785799E+0
  .663062	3.785799E+0
  .663082	3.785799E+0
  .663102	3.785799E+0
  .663122	3.870917E+0
  .663142	3.870917E+0
  .663162	3.870917E+0
  .663182	3.870917E+0
  .663202	3.870917E+0
  .663222	3.870917E+0
  .663242	3.870917E+0
  .663262	3.870917E+0
  .663282	3.870917E+0
  .663302	3.870917E+0
  .663322	3.870917E+0
  .663342	3.870917E+0
  .663362	3.956034E+0
  .663382	3.870917E+0
  .663402	3.956034E+0
  .663422	3.870917E+0
  .663442	3.956034E+0
  .663462	3.956034E+0
  .663482	3.956034E+0
  .663502	3.956034E+0
  .663522	3.956034E+0
  .663542	3.956034E+0
  .663562	3.956034E+0
  .663582	3.956034E+0
  .663602	3.956034E+0
  .663622	3.956034E+0
  .663642	3.956034E+0
  .663662	4.041152E+0
  .663682	3.956034E+0
  .663702	4.041152E+0
  .663722	4.041152E+0
  .663742	4.041152E+0
  .663762	4.041152E+0
  .663782	4.041152E+0
  .663802	3.956034E+0
  .663822	4.041152E+0
  .663842	4.041152E+0
  .663862	4.041152E+0
  .663882	4.041152E+0
  .663902	4.041152E+0
  .663922	4.041152E+0
  .663942	4.041152E+0
  .663962	4.041152E+0
  .663982	4.041152E+0
  .664002	4.041152E+0
  .664022	4.041152E+0
  .664042	4.041152E+0
  .664062	4.041152E+0
  .664082	4.041152E+0
  .664102	4.041152E+0
  .664122	4.041152E+0
  .664142	4.041152E+0
  .664162	4.041152E+0
  .664182	4.041152E+0
  .664202	4.041152E+0
  .664222	4.041152E+0
  .664242	4.041152E+0
  .664262	4.041152E+0
  .664282	4.041152E+0
  .664302	4.041152E+0
  .664322	4.041152E+0
  .664342	4.041152E+0
  .664362	4.041152E+0
  .664382	4.041152E+0
  .664402	4.041152E+0
  .664422	4.041152E+0
  .664442	3.956034E+0
  .664462	3.956034E+0
  .664482	3.956034E+0
  .664502	3.956034E+0
  .664522	3.956034E+0
  .664542	3.870917E+0
  .664562	3.870917E+0
  .664582	3.870917E+0
  .664602	3.870917E+0
  .664622	3.870917E+0
  .664642	3.785799E+0
  .664662	3.785799E+0
  .664682	3.785799E+0
  .664702	3.700682E+0
  .664722	3.700682E+0
  .664742	3.700682E+0
  .664762	3.700682E+0
  .664782	3.615564E+0
  .664802	3.530446E+0
  .664822	3.530446E+0
  .664842	3.530446E+0
  .664862	3.530446E+0
  .664882	3.530446E+0
  .664902	3.445329E+0
  .664922	3.530446E+0
  .664942	3.445329E+0
  .664962	3.445329E+0
  .664982	3.445329E+0
  .665002	3.445329E+0
  .665022	3.360211E+0
  .665042	3.445329E+0
  .665062	3.360211E+0
  .665082	3.360211E+0
  .665102	3.360211E+0
  .665122	3.360211E+0
  .665142	3.360211E+0
  .665162	3.275094E+0
  .665182	3.275094E+0
  .665202	3.275094E+0
  .665222	3.275094E+0
  .665242	3.189976E+0
  .665262	3.189976E+0
  .665282	3.189976E+0
  .665302	3.189976E+0
  .665322	3.189976E+0
  .665342	3.189976E+0
  .665362	3.104859E+0
  .665382	3.104859E+0
  .665402	3.104859E+0
  .665422	3.104859E+0
  .665442	3.104859E+0
  .665462	3.019741E+0
  .665482	3.019741E+0
  .665502	3.019741E+0
  .665522	3.019741E+0
  .665542	2.934623E+0
  .665562	2.934623E+0
  .665582	2.849506E+0
  .665602	2.849506E+0
  .665622	2.849506E+0
  .665642	2.849506E+0
  .665662	2.849506E+0
  .665682	2.849506E+0
  .665702	2.764388E+0
  .665722	2.764388E+0
  .665742	2.679271E+0
  .665762	2.679271E+0
  .665782	2.679271E+0
  .665802	2.594153E+0
  .665822	2.594153E+0
  .665842	2.594153E+0
  .665862	2.509035E+0
  .665882	2.509035E+0
  .665902	2.509035E+0
  .665922	2.423918E+0
  .665942	2.423918E+0
  .665962	2.338800E+0
  .665982	2.338800E+0
  .666002	2.338800E+0
  .666022	2.338800E+0
  .666042	2.253683E+0
  .666062	2.253683E+0
  .666082	2.168565E+0
  .666102	2.083448E+0
  .666122	2.168565E+0
  .666142	1.998330E+0
  .666162	2.083448E+0
  .666182	1.998330E+0
  .666202	1.913212E+0
  .666222	1.913212E+0
  .666242	1.913212E+0
  .666262	1.828095E+0
  .666282	1.828095E+0
  .666302	1.828095E+0
  .666322	1.828095E+0
  .666342	1.828095E+0
  .666362	1.742977E+0
  .666382	1.742977E+0
  .666402	1.657860E+0
  .666422	1.742977E+0
  .666442	1.657860E+0
  .666462	1.657860E+0
  .666482	1.572742E+0
  .666502	1.572742E+0
  .666522	1.572742E+0
  .666542	1.487624E+0
  .666562	1.487624E+0
  .666582	1.487624E+0
  .666602	1.402507E+0
  .666622	1.402507E+0
  .666642	1.317389E+0
  .666662	1.317389E+0
  .666682	1.317389E+0
  .666702	1.232272E+0
  .666722	1.232272E+0
  .666742	1.232272E+0
  .666762	1.147154E+0
  .666782	1.147154E+0
  .666802	1.147154E+0
  .666822	1.062036E+0
  .666842	1.062036E+0
  .666862	1.062036E+0
  .666882	1.062036E+0
  .666902	9.769189E-1
  .666922	9.769189E-1
  .666942	8.918013E-1
  .666962	8.066837E-1
  .666982	8.066837E-1
  .667002	8.066837E-1
  .667022	7.215662E-1
  .667042	6.364486E-1
  .667062	6.364486E-1
  .667082	5.513310E-1
  .667102	5.513310E-1
  .667122	4.662134E-1
  .667142	4.662134E-1
  .667162	3.810958E-1
  .667182	3.810958E-1
  .667202	2.959782E-1
  .667222	2.959782E-1
  .667242	2.959782E-1
  .667262	2.959782E-1
  .667282	2.108606E-1
  .667302	1.257430E-1
  .667322	2.108606E-1
  .667342	2.108606E-1
  .667362	1.257430E-1
  .667382	1.257430E-1
  .667402	1.257430E-1
  .667422	1.257430E-1
  .667442	1.257430E-1
  .667462	1.257430E-1
  .667482	1.257430E-1
  .667502	1.257430E-1
  .667522	4.062546E-2
  .667542	1.257430E-1
  .667562	1.257430E-1
  .667582	1.257430E-1
  .667602	4.062546E-2
  .667622	1.257430E-1
  .667642	1.257430E-1
  .667662	4.062546E-2
  .667682	1.257430E-1
  .667702	1.257430E-1
  .667722	4.062546E-2
  .667742	1.257430E-1
  .667762	1.257430E-1
  .667782	1.257430E-1
  .667802	4.062546E-2
  .667822	1.257430E-1
  .667842	1.257430E-1
  .667862	1.257430E-1
  .667882	1.257430E-1
  .667902	1.257430E-1
  .667922	1.257430E-1
  .667942	1.257430E-1
  .667962	1.257430E-1
  .667982	1.257430E-1
  .668002	4.062546E-2
  .668022	1.257430E-1
  .668042	4.062546E-2
  .668062	1.257430E-1
  .668082	4.062546E-2
  .668102	4.062546E-2
  .668122	1.257430E-1
  .668142	1.257430E-1
  .668162	1.257430E-1
  .668182	1.257430E-1
  .668202	4.062546E-2
  .668222	1.257430E-1
  .668242	1.257430E-1
  .668262	1.257430E-1
  .668282	1.257430E-1
  .668302	1.257430E-1
  .668322	1.257430E-1
  .668342	1.257430E-1
  .668362	1.257430E-1
  .668382	1.257430E-1
  .668402	1.257430E-1
  .668422	1.257430E-1
  .668442	1.257430E-1
  .668462	1.257430E-1
  .668482	2.108606E-1
  .668502	2.108606E-1
  .668522	2.959782E-1
  .668542	2.959782E-1
  .668562	2.959782E-1
  .668582	3.810958E-1
  .668602	3.810958E-1
  .668622	4.662134E-1
  .668642	4.662134E-1
  .668662	5.513310E-1
  .668682	6.364486E-1
  .668702	6.364486E-1
  .668722	6.364486E-1
  .668742	6.364486E-1
  .668762	7.215662E-1
  .668782	7.215662E-1
  .668802	7.215662E-1
  .668822	8.066837E-1
  .668842	8.066837E-1
  .668862	8.066837E-1
  .668882	8.918013E-1
  .668902	8.918013E-1
  .668922	9.769189E-1
  .668942	9.769189E-1
  .668962	9.769189E-1
  .668982	1.062036E+0
